,City,Cloudiness (%),Country,Date,Humidity (%),Latitude,Longitude,Temperature (F),Wind Speed (mph)
0,George Town,20,MY,1579893009,65,5.41,100.34,80.6,3.36
1,Yulara,60,AU,1579893060,22,-25.24,130.99,78.8,8.05
2,Port Maria,20,JM,1579893225,65,18.37,-76.89,82.4,10.29
3,Punta Arenas,90,CL,1579893133,87,-53.15,-70.92,44.6,10.29
4,Ushuaia,75,AR,1579892852,54,-54.8,-68.3,55.4,3.06
5,Umarkot,0,PK,1579893225,34,25.36,69.74,61.9,3.71
6,Busselton,80,AU,1579893044,53,-33.65,115.33,64.99,11.5
7,Vanimo,96,PG,1579893002,77,-2.67,141.3,82.65,6.29
8,Muros,40,ES,1579893225,87,42.78,-9.06,54.0,2.24
9,Rikitea,0,PF,1579892945,71,-23.12,-134.97,78.08,18.45
10,Longyearbyen,40,SJ,1579893058,65,78.22,15.64,6.8,21.92
11,Te Anau,100,NZ,1579892985,100,-45.42,167.72,57.78,1.28
12,Acapulco de Juarez,20,MX,1579892963,66,16.86,-99.89,86.0,4.7
13,Natal,75,BR,1579892949,66,-5.79,-35.21,86.0,12.75
14,Hermanus,0,ZA,1579893156,86,-34.42,19.23,71.01,3.0
15,Hobart,40,AU,1579892823,51,-42.88,147.33,60.8,10.29
16,Tooele,90,US,1579892938,100,40.53,-112.3,37.99,2.35
17,Cabo San Lucas,40,MX,1579893003,68,22.89,-109.91,72.0,10.29
18,Nome,1,US,1579893226,68,64.5,-165.41,-11.99,7.31
19,Virginia Beach,75,US,1579893226,72,36.85,-75.98,63.0,10.29
20,New Norfolk,40,AU,1579893021,51,-42.78,147.06,60.8,10.29
21,Mitsamiouli,90,KM,1579893226,94,-11.38,43.28,75.2,4.7
22,Laas,40,IT,1579893018,69,46.62,10.7,35.01,1.12
23,Lavrentiya,0,RU,1579893116,79,65.58,-171.0,-16.42,3.8
24,Cherskiy,65,RU,1579893032,97,68.75,161.3,-37.39,3.96
25,Ilulissat,75,GL,1579893227,62,69.22,-51.1,19.4,16.11
26,Mount Gambier,90,AU,1579893227,100,-37.83,140.77,59.0,8.05
27,Mataura,100,NZ,1579892948,96,-46.19,168.86,59.0,1.99
28,Albany,1,US,1579893111,41,42.6,-73.97,48.2,5.82
29,Port Elizabeth,59,ZA,1579892989,82,-33.92,25.57,68.0,11.41
30,Preobrazheniye,0,RU,1579893227,57,42.9,133.91,6.31,5.32
31,Kangaatsiaq,100,GL,1579893227,82,68.31,-53.46,21.43,24.29
32,Ak-Dovurak,92,RU,1579893228,95,51.18,90.6,-2.76,1.79
33,Maniitsoq,100,GL,1579893229,81,65.42,-52.9,11.3,12.86
34,Geraldton,0,AU,1579893026,82,-28.77,114.6,64.4,6.93
35,Fairbanks,90,US,1579893067,69,64.84,-147.72,-4.0,1.23
36,Xique-Xique,100,BR,1579893160,93,-10.82,-42.73,70.9,3.09
37,Chokurdakh,0,RU,1579893142,88,70.63,147.92,-35.1,4.68
38,Barrow,1,US,1579892850,75,71.29,-156.79,-20.2,9.17
39,Santa Marta,75,CO,1579892944,66,11.24,-74.2,87.8,6.93
40,Husavik,100,IS,1579893021,86,66.04,-17.34,28.4,2.24
41,Puerto Madryn,87,AR,1579893230,23,-42.77,-65.04,79.2,19.24
42,Carnarvon,0,AU,1579893063,65,-24.87,113.63,78.8,17.22
43,Bara,33,NG,1579893230,9,10.37,10.73,74.34,9.86
44,Narsaq,90,GL,1579892996,79,60.92,-46.05,26.6,4.36
45,Jamestown,1,US,1579893230,45,42.1,-79.24,45.0,10.29
46,Rocha,0,UY,1579893109,20,-34.48,-54.33,91.51,7.29
47,Grindavik,90,IS,1579893231,82,63.84,-22.43,32.0,17.22
48,Bambous Virieux,75,MU,1579893027,88,-20.34,57.76,80.6,11.41
49,Esperance,90,AU,1579893063,100,-33.87,121.9,60.8,1.12
50,Tasiilaq,75,GL,1579893150,57,65.61,-37.64,19.4,28.86
51,Suslovo,100,RU,1579893231,88,56.22,88.12,27.32,10.36
52,Hambantota,20,LK,1579893231,100,6.12,81.12,77.0,6.93
53,North Bend,90,US,1579893231,87,43.41,-124.22,54.0,9.17
54,Sorland,75,NO,1579893231,80,67.67,12.69,33.8,25.28
55,Hong Kong,40,HK,1579892952,88,22.29,114.16,71.01,13.87
56,Saldanha,0,ZA,1579892990,73,-33.01,17.94,69.8,8.05
57,Upernavik,30,GL,1579893111,89,72.79,-56.15,-13.49,4.54
58,Cape Town,75,ZA,1579893232,88,-33.93,18.42,71.01,13.87
59,Kaeo,1,NZ,1579893042,100,-35.1,173.78,64.0,6.96
60,Butaritari,100,KI,1579893043,74,3.07,172.79,84.2,8.32
61,Hasaki,75,JP,1579893063,68,35.73,140.83,39.2,3.36
62,Khuzdar,0,PK,1579893232,53,27.74,66.64,51.78,5.59
63,Moussoro,23,TD,1579893232,9,13.64,16.49,68.85,11.77
64,San Carlos,85,VE,1579893232,27,9.66,-68.58,100.13,4.32
65,Sinnamary,98,GF,1579893090,80,5.38,-52.95,79.47,12.48
66,Avarua,83,CK,1579893232,88,-21.21,-159.78,80.6,8.05
67,Waddan,0,LY,1579893232,29,29.16,16.14,61.02,10.07
68,Tiksi,0,RU,1579893078,88,71.69,128.87,-33.57,5.55
69,Dublin,40,US,1579893009,82,37.7,-121.94,62.01,3.36
70,Dikson,100,RU,1579893233,96,73.51,80.55,-3.57,8.43
71,Castro,26,BR,1579893233,61,-24.79,-50.01,74.53,6.71
72,Vaini,20,TO,1579893030,88,-21.2,-175.2,77.0,5.82
73,Rumphi,95,MW,1579893233,96,-11.02,33.86,65.5,2.77
74,Yellowknife,75,CA,1579893233,84,62.46,-114.35,5.0,8.05
75,Mar del Plata,40,AR,1579893233,43,-38.0,-57.56,91.4,20.8
76,Iwanai,100,JP,1579893099,83,42.97,140.51,15.55,13.35
77,Tigil,100,RU,1579893233,94,57.8,158.67,2.48,12.86
78,Meulaboh,50,ID,1579893040,68,4.14,96.13,84.67,1.32
79,Maceio,75,BR,1579893233,70,-9.67,-35.74,84.2,13.87
80,Betong,23,TH,1579893233,89,5.77,101.07,64.69,3.15
81,Port Alfred,67,ZA,1579893233,96,-33.59,26.89,68.0,10.0
82,Tuktoyaktuk,90,CA,1579893156,77,69.45,-133.04,-2.2,6.93
83,Kapaa,1,US,1579893234,88,22.08,-159.32,68.0,9.17
84,Tuatapere,100,NZ,1579893109,96,-46.13,167.68,59.0,3.02
85,Coyhaique,75,CL,1579893142,52,-45.58,-72.07,66.2,11.41
86,Tessalit,99,ML,1579893236,9,20.2,1.01,82.15,7.29
87,Bela,0,IN,1579893236,73,25.93,81.98,51.01,3.15
88,Nanortalik,100,GL,1579893005,93,60.14,-45.24,25.95,22.26
89,Quatre Cocos,75,MU,1579893236,88,-20.21,57.76,80.6,14.99
90,Thompson,75,CA,1579892957,85,55.74,-97.86,12.2,4.7
91,Saint-Philippe,100,RE,1579892946,94,-21.36,55.77,78.8,16.11
92,Hamilton,90,US,1579893236,93,39.18,-84.53,46.4,7.87
93,Caravelas,100,BR,1579893236,85,-17.71,-39.25,78.44,20.13
94,Atuona,43,PF,1579893111,81,-9.8,-139.03,80.01,14.41
95,Basco,62,PH,1579892999,73,20.45,121.97,77.07,20.24
96,Vao,25,NC,1579893026,81,-22.67,167.48,76.73,19.89
97,San Quintin,100,MX,1579893237,72,30.48,-115.95,62.17,5.26
98,Mount Isa,75,AU,1579893237,100,-20.73,139.5,75.2,4.7
99,Salalah,0,OM,1579893079,78,17.02,54.09,77.0,2.24
100,Gornopravdinsk,100,RU,1579893237,98,60.05,69.9,2.89,5.84
101,Nuuk,75,GL,1579893135,78,64.18,-51.72,12.2,9.17
102,Bredasdorp,0,ZA,1579892983,77,-34.53,20.04,70.0,10.11
103,Daru,94,PG,1579892986,84,-9.08,143.21,76.8,1.32
104,Ubari,84,LY,1579893023,15,26.59,12.78,60.35,10.49
105,Murray Bridge,22,AU,1579893237,94,-35.12,139.27,62.01,4.34
106,Manokwari,43,ID,1579893237,80,-0.87,134.08,72.68,2.86
107,Emba,94,KZ,1579893237,97,48.83,58.14,6.28,10.04
108,Eyl,98,SO,1579893237,86,7.98,49.82,79.0,23.94
109,Plettenberg Bay,11,ZA,1579893238,83,-34.05,23.37,69.08,1.74
110,Puerto Ayora,40,EC,1579892991,58,-0.74,-90.35,86.0,17.22
111,Ribeira Grande,75,PT,1579892991,62,38.52,-28.7,59.0,5.82
112,'Ahuimanu,20,US,1579893238,94,21.44,-157.84,73.99,0.76
113,Departamento de Maldonado,17,UY,1579893138,48,-34.67,-54.92,82.4,10.29
114,George,0,ZA,1579893185,80,-33.96,22.46,62.6,5.82
115,Bachaquero,89,VE,1579893238,45,9.97,-71.15,91.45,5.86
116,Baft,0,IR,1579893238,71,29.23,56.61,35.65,2.62
117,Hay River,75,CA,1579893238,85,60.82,-115.8,10.4,3.36
118,Codrington,38,AU,1579892984,90,-38.27,141.97,60.4,17.9
119,Yumen,9,CN,1579893088,53,40.28,97.2,19.06,9.69
120,Torbay,75,CA,1579893238,81,47.67,-52.73,34.0,13.87
121,Chirongui,70,YT,1579893239,94,-12.93,45.15,77.0,3.36
122,Necochea,0,AR,1579893239,76,-38.55,-58.74,75.99,10.0
123,Parvatipuram,6,IN,1579893239,83,18.78,83.43,65.93,1.59
124,Ciudad Lazaro Cardenas,1,MX,1579893105,53,17.96,-102.2,84.76,4.25
125,Orcotuna,99,PE,1579893239,55,-11.97,-75.33,55.63,5.7
126,Flinders,90,AU,1579893239,22,-34.58,150.86,73.99,5.01
127,Doha,0,QA,1579893002,59,25.29,51.53,61.0,6.93
128,Kaitangata,100,NZ,1579892977,68,-46.28,169.85,68.0,7.25
129,Rochester,75,US,1579893139,39,43.15,-77.62,48.2,8.05
130,Port Hardy,90,CA,1579893027,93,50.7,-127.42,46.4,4.7
131,Palembang,100,ID,1579893158,93,-2.92,104.75,75.47,1.86
132,Srandakan,92,ID,1579893239,88,-7.94,110.25,75.92,2.26
133,Swan Hill,48,AU,1579893240,64,-35.34,143.55,61.05,5.23
134,Pevek,0,RU,1579892994,97,69.7,170.31,-27.89,1.81
135,Wanaka,100,NZ,1579893240,61,-44.7,169.15,69.01,4.0
136,Mossamedes,0,AO,1579893240,77,-15.2,12.15,75.51,11.43
137,Arraial do Cabo,90,BR,1579892959,83,-22.97,-42.03,77.0,4.7
138,Palmer,1,US,1579892982,33,42.16,-72.33,48.0,4.7
139,Tezu,91,IN,1579893240,78,27.92,96.17,49.93,2.98
140,Kodiak,20,US,1579892951,56,57.79,-152.41,15.8,14.99
141,Acarau,12,BR,1579893240,54,-2.89,-40.12,88.75,13.09
142,Maragogi,70,BR,1579893241,78,-9.01,-35.22,81.93,14.72
143,Kudahuvadhoo,100,MV,1579893241,82,2.67,72.89,83.03,18.68
144,Palghar,15,IN,1579893241,54,19.68,72.75,82.4,2.35
145,Ponta do Sol,40,PT,1579893002,55,32.67,-17.1,60.8,9.17
146,Manoel Urbano,100,BR,1579893241,63,-8.84,-69.26,85.48,6.8
147,Beringovskiy,100,RU,1579893241,98,63.05,179.32,-0.53,9.46
148,Bluff,100,NZ,1579892952,96,-46.6,168.33,59.0,1.99
149,Talnakh,75,RU,1579893112,77,69.49,88.4,6.8,8.95
150,Faanui,17,PF,1579893241,74,-16.48,-151.75,82.4,14.54
151,Qaanaaq,0,GL,1579893241,50,77.48,-69.36,-9.54,6.6
152,Hobyo,75,SO,1579893044,79,5.35,48.53,80.01,22.24
153,Goderich,100,CA,1579893241,96,43.75,-81.72,41.0,18.99
154,Fairview,1,US,1579893242,37,40.81,-74.0,53.6,6.93
155,Gnjilane,0,XK,1579893242,68,42.46,21.47,34.0,6.93
156,Touros,75,BR,1579892954,62,-5.2,-35.46,86.0,11.41
157,Laguna,1,US,1579893242,82,38.42,-121.42,63.0,3.36
158,Pisco,75,PE,1579893099,30,-13.7,-76.22,71.6,10.29
159,Ouadda,100,CF,1579893076,18,8.08,22.4,67.23,5.57
160,Norman Wells,90,CA,1579893246,83,65.28,-126.83,-7.6,4.7
161,Ketchikan,90,US,1579893029,100,55.34,-131.65,46.4,24.16
162,Santa Cruz do Capibaribe,87,BR,1579893247,43,-7.96,-36.2,88.65,9.93
163,Leningradskiy,0,RU,1579893000,70,69.38,178.42,-23.42,2.68
164,Luwingu,100,ZM,1579893247,94,-10.26,29.93,66.67,3.04
165,Taoudenni,100,ML,1579893247,13,22.68,-3.98,81.84,7.16
166,Thinadhoo,100,MV,1579893247,81,0.53,72.93,83.21,14.88
167,Leiyang,100,CN,1579893247,93,26.4,112.86,43.63,10.0
168,Aasiaat,100,GL,1579893247,88,68.71,-52.87,15.85,15.93
169,Lesnoy,17,RU,1579893247,93,57.62,63.08,8.38,8.14
170,Kavieng,0,PG,1579893035,65,-2.57,150.8,83.28,5.97
171,Pundaguitan,61,PH,1579893247,80,6.37,126.17,79.99,0.29
172,Kaiyuan,0,CN,1579893248,88,23.7,103.3,48.31,8.79
173,Sioux Lookout,75,CA,1579892991,73,50.1,-91.92,19.4,3.11
174,Turukhansk,98,RU,1579893248,93,65.82,87.98,14.25,13.0
175,Kenitra,75,MA,1579893108,72,34.26,-6.58,59.0,12.75
176,Espanola,1,US,1579893248,47,35.99,-106.08,43.0,5.82
177,Houma,1,US,1579893000,27,29.6,-90.72,64.99,13.87
178,Nouadhibou,83,MR,1579893013,64,20.93,-17.03,68.0,13.87
179,Markova,1,UA,1579893248,79,48.68,24.41,24.8,9.19
180,Mehran,75,IR,1579893248,74,33.12,46.16,35.6,6.93
181,Haimen,75,CN,1579893248,82,23.19,116.61,64.4,6.71
182,Santa Rosa,75,PH,1579893248,94,14.31,121.11,75.99,2.24
183,Sept-Iles,20,CA,1579893001,47,50.2,-66.38,18.0,5.82
184,Philadelphia,1,US,1579893241,43,39.95,-75.16,55.4,6.93
185,Chaman,97,PK,1579893249,90,30.92,66.45,43.21,7.31
186,Baruun-Urt,53,MN,1579893249,84,46.68,113.28,-1.44,7.99
187,San Cosme y Damian,20,PY,1579893249,45,-27.32,-56.35,87.8,6.93
188,Hilo,90,US,1579892926,68,19.73,-155.09,73.0,1.66
189,Cabedelo,75,BR,1579893249,70,-6.98,-34.83,84.2,9.17
190,Bengkulu,100,ID,1579893221,97,-3.8,102.27,74.03,4.27
191,Koungou,93,YT,1579893249,94,-12.73,45.2,77.0,3.36
192,Kovdor,100,RU,1579893251,96,67.57,30.48,10.74,2.13
193,Dali,0,CN,1579893251,77,25.7,100.18,29.75,2.28
194,Baculin,40,PH,1579893251,92,7.45,126.58,71.37,2.66
195,Souillac,75,MU,1579893044,88,-20.52,57.52,80.6,11.41
196,Hithadhoo,53,MV,1579893252,76,-0.6,73.08,84.45,9.64
197,Dobryanka,75,RU,1579893252,85,58.46,56.42,15.8,13.42
198,Nikolskoye,75,RU,1579892984,96,59.7,30.79,36.0,15.66
199,Sangar,51,RU,1579893252,98,63.92,127.47,-45.27,2.57
200,Bethel,1,US,1579893111,31,41.37,-73.41,51.01,4.7
201,Nelson Bay,90,AU,1579893252,83,-32.72,152.15,77.0,8.05
202,Batemans Bay,95,AU,1579893111,86,-35.72,150.18,66.99,1.54
203,Chincha Alta,75,PE,1579893252,30,-13.41,-76.13,71.6,10.29
204,Mahasamund,0,IN,1579893252,42,21.1,82.1,68.0,3.36
205,Umm Lajj,9,SA,1579893252,61,25.02,37.27,58.55,7.4
206,Ossora,100,RU,1579893253,88,59.24,163.07,9.12,22.73
207,Juba,85,SS,1579893253,18,4.85,31.58,81.27,2.91
208,Arrifes,75,PT,1579893253,67,37.77,-25.7,57.2,9.17
209,Sitka,90,US,1579893253,100,57.05,-135.33,33.8,6.93
210,Bandarbeyla,100,SO,1579893253,85,9.49,50.81,78.8,18.79
211,Dawson Creek,20,CA,1579893253,80,55.77,-120.24,39.2,12.75
212,Lubumbashi,100,CD,1579893253,95,-11.66,27.48,66.56,1.61
213,Kaka,13,TM,1579893253,65,37.35,59.61,44.24,6.69
214,Tyret' Pervaya,95,RU,1579893253,84,53.67,102.31,10.51,4.68
215,Avallon,55,FR,1579893253,88,47.48,3.9,40.8,2.44
216,Iqaluit,20,CA,1579892969,67,63.75,-68.51,-23.01,13.87
217,Batagay-Alyta,0,RU,1579893253,61,67.8,130.41,-34.28,3.31
218,Palauig,72,PH,1579893253,76,15.44,119.9,73.11,3.11
219,Clyde River,90,CA,1579893129,75,70.47,-68.59,-13.0,17.22
220,Bella Vista,90,US,1579893254,88,36.43,-94.23,35.01,11.41
221,College,90,US,1579893008,69,64.86,-147.8,-2.2,2.66
222,Najran,5,SA,1579893254,39,17.49,44.13,62.6,8.86
223,Corrente,47,BR,1579893254,89,-3.74,-43.34,82.36,4.32
224,Beloha,0,MG,1579893101,75,-25.17,45.05,70.18,13.94
225,Tiguion,83,PH,1579893254,94,13.33,121.86,75.99,1.99
226,Opuwo,85,NA,1579893256,29,-18.06,13.84,81.66,16.08
227,Itaituba,40,BR,1579893129,56,-4.28,-55.98,93.2,5.82
228,Prainha,76,BR,1579893256,30,-1.8,-53.48,99.5,6.31
229,Marsh Harbour,63,BS,1579893256,63,26.54,-77.06,72.61,8.88
230,Feijo,100,BR,1579893256,96,-8.16,-70.35,73.81,1.23
231,Salta,20,AR,1579893028,42,-24.79,-65.41,86.0,9.17
232,Bakchar,100,RU,1579893105,95,57.02,82.07,28.45,7.76
233,Saskylakh,100,RU,1579893256,87,71.92,114.08,-27.94,22.28
234,Mizan Teferi,100,ET,1579893256,42,6.98,35.58,70.61,1.99
235,Pangnirtung,20,CA,1579893138,66,66.15,-65.71,-29.2,3.36
236,Loa Janan,67,ID,1579893148,96,-0.58,117.09,74.91,1.43
237,Burnie,100,AU,1579893257,93,-41.07,145.92,59.0,1.99
238,Tyrma,0,RU,1579893257,94,50.08,132.17,-23.17,2.66
239,Makakilo City,40,US,1579893257,93,21.35,-158.09,73.99,0.76
240,Saint George,75,US,1579893205,45,37.1,-113.58,53.6,2.13
241,Oistins,40,BB,1579893257,70,13.07,-59.53,84.2,13.87
242,Miastko,100,PL,1579893123,95,54.0,16.98,37.0,9.73
243,Severo-Kuril'sk,80,RU,1579892989,87,50.68,156.12,14.31,22.82
244,Abu Samrah,0,SY,1579893257,50,35.3,37.18,37.6,7.54
245,Sittwe,100,MM,1579892984,45,20.15,92.9,68.86,15.73
246,Chenzhou,100,CN,1579893095,93,25.8,113.03,44.26,8.77
247,Marawi,8,PH,1579893014,91,8.0,124.29,77.0,3.0
248,Luderitz,0,NA,1579893015,73,-26.65,15.16,71.6,10.29
249,Kibaya,100,TZ,1579893258,92,-5.3,36.57,64.24,2.01
250,Provideniya,91,RU,1579893112,96,64.38,-173.3,-7.8,5.12
251,Sao Filipe,2,CV,1579893258,67,14.9,-24.5,74.61,16.67
252,Acatlan,98,MX,1579893258,59,20.15,-98.45,55.51,2.82
253,Morozovsk,0,RU,1579893258,69,48.35,41.83,24.69,15.5
254,Khatanga,97,RU,1579893114,88,71.97,102.5,-26.88,9.33
255,Chimbote,25,PE,1579893258,51,-9.09,-78.58,84.49,12.35
256,Naze,98,JP,1579893258,100,28.37,129.48,66.2,3.36
257,Lompoc,1,US,1579893182,72,34.64,-120.46,69.01,16.11
258,Buchanan,38,LR,1579893157,75,5.88,-10.05,83.28,6.91
259,Baghdad,90,IQ,1579893190,93,33.34,44.4,50.0,13.87
260,West Plains,90,US,1579893258,80,36.73,-91.85,37.99,11.41
261,Ostrovnoy,100,RU,1579893028,88,68.05,39.51,11.3,6.76
262,San Patricio,20,MX,1579893259,74,19.22,-104.7,86.0,4.23
263,Vzmorye,90,RU,1579893259,93,54.7,20.24,41.0,20.13
264,Boa Vista,75,BR,1579893090,38,2.82,-60.67,93.2,8.05
265,Xunchang,100,CN,1579893259,86,28.45,104.72,46.06,6.67
266,Borovichi,85,RU,1579893259,91,58.39,33.92,32.74,10.49
267,Carangola,100,BR,1579893259,97,-20.73,-42.03,65.93,7.45
268,Chapleau,90,CA,1579893259,92,47.84,-83.4,28.4,5.82
269,Edson,1,CA,1579893122,92,53.58,-116.44,23.0,2.24
270,Longonjo,77,AO,1579893259,89,-12.91,15.25,65.7,3.71
271,Cidreira,10,BR,1579893053,74,-30.18,-50.21,74.08,12.53
272,Eskisehir,40,TR,1579893086,85,39.78,30.52,24.8,5.39
273,Wanlaweyn,97,SO,1579893259,70,2.62,44.89,81.52,20.49
274,Zeya,0,RU,1579893259,78,53.75,127.27,-25.62,1.16
275,Fortuna,1,US,1579893260,71,40.6,-124.16,57.99,4.7
276,Marabu,75,MY,1579893260,100,4.41,114.01,75.2,1.12
277,Butembo,95,CD,1579893260,49,0.15,29.28,68.36,4.97
278,Trairi,28,BR,1579893260,48,-3.28,-39.27,89.19,10.74
279,Lebu,0,CL,1579893033,32,-37.62,-73.65,72.01,12.28
280,Ikalamavony,96,MG,1579893260,86,-21.15,46.58,69.42,6.26
281,Wewak,87,PG,1579893260,91,-3.55,143.63,76.82,6.49
282,Klaksvik,100,FO,1579892986,86,62.23,-6.59,37.4,5.82
283,Churapcha,67,RU,1579893260,99,62.0,132.43,-42.88,0.49
284,Avera,90,US,1579893260,88,33.19,-82.53,62.6,6.93
285,Kashan,0,IR,1579893260,51,33.98,51.44,41.99,2.42
286,Ugoofaaru,89,MV,1579893261,77,5.67,73.0,82.74,17.63
287,Novyy Urengoy,97,RU,1579893261,97,66.08,76.63,6.53,1.01
288,Panjab,97,AF,1579893261,99,34.39,67.02,11.73,3.27
289,Birao,73,CF,1579893261,15,10.28,22.79,63.59,8.68
290,Sambava,100,MG,1579893261,99,-14.27,50.17,73.51,1.21
291,Boyolangu,51,ID,1579893261,91,-8.12,111.89,75.47,0.87
292,Voh,0,NC,1579893261,80,-20.97,164.7,75.2,5.99
293,Brae,100,GB,1579893261,80,60.4,-1.35,44.6,11.41
294,Ballina,75,AU,1579893069,88,-28.87,153.57,80.6,9.17
295,Huarmey,18,PE,1579893113,48,-10.07,-78.15,83.37,11.92
296,Kardailovo,69,RU,1579893261,98,51.54,53.9,2.3,8.3
297,Mahibadhoo,100,MV,1579893261,82,3.78,72.97,82.24,21.43
298,Portland,75,US,1579893257,71,45.52,-122.68,55.0,13.87
299,Christchurch,69,NZ,1579893262,100,-43.53,172.63,73.0,8.05
300,Aklavik,90,CA,1579893262,76,68.22,-135.01,-4.0,10.29
301,Srednekolymsk,100,RU,1579893262,94,67.45,153.68,-28.75,5.12
302,Zhangye,15,CN,1579893264,38,38.93,100.45,24.26,6.24
303,Bahia Blanca,0,AR,1579893230,20,-38.72,-62.27,87.51,11.25
304,Pemangkat,81,ID,1579893265,86,1.17,108.97,75.69,5.03
305,Soyo,75,AO,1579893265,78,-6.13,12.37,82.4,6.93
306,Bafoulabe,51,ML,1579893265,9,13.81,-10.83,100.27,9.64
307,Bojnourd,75,IR,1579893265,69,37.47,57.33,37.4,2.15
308,Aswan,0,EG,1579893265,46,24.09,32.91,56.07,12.19
309,Korla,21,CN,1579892996,79,41.76,86.15,12.63,2.98
310,Ati,0,TD,1579893265,9,13.22,18.34,70.34,10.4
311,Tautira,20,PF,1579893265,70,-17.73,-149.15,86.0,4.7
312,Kajaani,75,FI,1579893265,86,64.17,27.67,26.6,9.17
313,Koumac,48,NC,1579893265,91,-20.57,164.28,68.97,3.71
314,Placido de Castro,99,BR,1579893265,86,-10.34,-67.19,84.42,5.03
315,Kedrovyy,100,RU,1579893266,55,56.17,91.82,35.6,11.18
316,Baykit,100,RU,1579893266,96,61.67,96.37,7.5,2.01
317,Bhaktapur,40,NP,1579893266,93,27.68,85.42,42.8,2.24
318,Namtsy,90,RU,1579893266,56,62.72,129.67,-49.0,2.24
319,Antalaha,100,MG,1579893113,83,-14.9,50.28,79.38,8.97
320,Labuhan,40,ID,1579893098,86,-6.88,112.21,76.84,1.92
321,Mahebourg,75,MU,1579893111,88,-20.41,57.7,80.6,14.99
322,Sabha,29,LY,1579893102,18,27.04,14.43,60.35,9.35
323,Merauke,80,ID,1579893266,80,-8.47,140.33,79.66,2.55
324,Olafsvik,100,IS,1579893266,79,64.89,-23.71,31.15,10.94
325,Dumai,4,ID,1579893266,92,1.68,101.45,74.07,3.02
326,Vrangel,0,RU,1579893136,50,42.73,133.08,17.08,9.06
327,Alihe,0,CN,1579893267,85,50.57,123.72,-14.31,2.8
328,Havre-Saint-Pierre,1,CA,1579893047,47,50.23,-63.6,14.0,8.05
329,Yeppoon,100,AU,1579893267,88,-23.13,150.73,78.8,3.36
330,Alexandria,40,EG,1579893267,50,31.22,29.96,55.4,6.93
331,Kichera,100,RU,1579893268,98,55.94,110.1,-0.65,1.05
332,Jacksonville,40,US,1579893108,57,30.33,-81.66,77.0,6.93
333,Ust-Maya,100,RU,1579893268,98,60.42,134.53,-37.01,1.83
334,Harper,55,LR,1579893268,76,4.38,-7.72,82.81,6.49
335,Praia da Vitoria,75,PT,1579893268,71,38.73,-27.07,57.2,10.36
336,Chitipa,98,MW,1579893268,99,-9.7,33.27,64.98,2.06
337,Oksfjord,90,NO,1579893268,90,70.24,22.35,32.0,17.22
338,Igarka,100,RU,1579893268,93,67.47,86.58,7.99,15.17
339,Vardo,75,NO,1579893112,63,70.37,31.11,26.6,13.87
340,Sawakin,0,SD,1579893268,56,19.11,37.33,72.0,12.08
341,Lukovetskiy,90,RU,1579893065,85,64.3,41.92,15.8,8.95
342,Dakor,0,IN,1579893268,59,22.75,73.15,62.6,6.62
343,Mount Pleasant,90,US,1579893269,88,32.79,-79.86,66.99,10.29
344,Nabinagar,0,BD,1579893269,72,23.89,90.97,59.0,3.78
345,Belaya Gora,71,RU,1579893269,91,68.53,146.42,-36.13,1.45
346,Marathon,90,US,1579893269,86,44.9,-89.77,35.01,4.7
347,Sorong,2,ID,1579892823,88,-0.88,131.25,72.79,1.95
348,Albufeira,20,PT,1579893269,93,37.09,-8.25,53.6,4.7
349,Staryy Oskol,100,RU,1579893269,93,51.3,37.84,28.53,16.6
350,Radhanpur,17,IN,1579893269,31,23.83,71.6,62.89,6.02
351,Shamary,100,RU,1579893269,93,57.34,58.22,10.18,9.75
352,Hofn,20,IS,1579893270,55,64.25,-15.21,33.8,8.05
353,Gorom-Gorom,62,BF,1579893018,7,14.44,-0.24,82.27,10.09
354,Bonthe,20,SL,1579893270,68,7.53,-12.51,83.1,10.85
355,Svirstroy,15,RU,1579893270,85,60.8,33.72,29.59,10.11
356,Vilhena,40,BR,1579893270,66,-12.74,-60.15,86.0,11.41
357,Araceli,15,PH,1579893270,83,10.55,119.99,81.01,13.53
358,Khovd,2,MN,1579893270,77,48.01,91.64,1.0,1.21
359,Yar-Sale,97,RU,1579893067,96,66.83,70.83,4.46,6.29
360,Nuevo Comalapa,20,MX,1579893270,45,15.65,-92.13,72.01,6.08
361,Inhambane,20,MZ,1579893009,69,-23.86,35.38,77.0,13.53
362,San Felipe,77,VE,1579893048,52,10.34,-68.74,85.86,7.25
363,Jacareacanga,40,BR,1579893271,59,-6.22,-57.75,93.2,6.93
364,Byron Bay,40,AU,1579893271,83,-28.65,153.62,80.6,5.82
365,Vila Franca do Campo,75,PT,1579893271,67,37.72,-25.43,57.2,9.17
366,Laja,0,CL,1579893271,33,-37.27,-72.7,86.0,18.34
367,Mandali,24,IQ,1579893271,53,33.75,45.55,53.96,28.1
368,Jalu,0,LY,1579893037,57,29.03,21.55,56.55,7.45
369,Itarema,12,BR,1579893271,54,-2.92,-39.92,88.75,13.09
370,Grand-Lahou,1,CI,1579893271,82,5.14,-5.02,82.76,13.62
371,Katsuura,75,JP,1579893018,52,35.13,140.3,46.4,18.34
372,Sao Felix do Xingu,56,BR,1579893140,83,-6.64,-51.99,83.34,5.32
373,Yenagoa,55,NG,1579893271,19,4.92,6.26,86.9,3.47
374,Parsons,90,US,1579893272,80,37.34,-95.26,35.6,16.11
375,Buala,5,SB,1579893006,82,-8.14,159.59,79.72,7.87
376,Nicolas Bravo,75,MX,1579893272,69,18.45,-88.92,78.8,8.05
377,Ordu,75,TR,1579893272,55,40.91,37.68,39.2,9.17
378,Manthani,0,IN,1579893272,46,18.65,79.67,73.71,3.87
379,Chora,4,GR,1579893272,87,37.05,21.72,52.0,3.36
380,Ancud,40,CL,1579893272,52,-41.87,-73.82,68.0,17.22
381,Dedza,96,MW,1579893272,94,-14.38,34.33,63.9,3.49
382,Honiara,20,SB,1579893149,100,-9.43,159.95,73.4,2.24
383,Corner Brook,20,CA,1579893272,52,48.97,-57.95,23.0,8.05
384,Ulundi,36,ZA,1579893272,88,-28.34,31.42,68.76,7.0
385,Hearst,100,CA,1579893230,87,49.68,-83.67,21.04,4.54
386,Viransehir,94,TR,1579893273,32,37.24,39.76,39.06,23.67
387,Nam Som,88,TH,1579893273,86,17.77,102.19,69.13,1.74
388,Bartica,40,GY,1579893273,58,6.4,-58.62,87.8,6.93
389,Straubing,1,DE,1579893273,92,48.88,12.57,30.0,2.42
390,Suntar,100,RU,1579893273,97,62.14,117.63,-17.84,5.55
391,Topaowan,100,CN,1579893273,94,30.67,112.69,37.99,16.04
392,Gainesville,90,US,1579893055,68,29.65,-82.32,75.2,9.17
393,Ludvika,37,SE,1579893267,60,60.15,15.19,39.99,12.75
394,Sault Ste. Marie,90,CA,1579893273,74,46.52,-84.33,35.6,6.93
395,Shimoda,95,JP,1579893273,82,34.67,138.95,48.0,27.49
396,Port Macquarie,90,AU,1579893273,94,-31.43,152.92,73.4,1.12
397,Brownwood,1,US,1579893273,28,31.71,-98.99,64.99,3.44
398,East London,20,ZA,1579893273,78,-33.02,27.91,75.2,5.82
399,Gunjur,58,GM,1579893274,35,13.2,-16.73,86.0,6.93
400,Verkhnyaya Inta,100,RU,1579893274,96,65.98,60.31,1.67,10.09
401,Ust-Kuyga,14,RU,1579893274,99,70.02,135.6,-41.28,6.46
402,Mounana,40,GA,1579893274,78,-1.41,13.16,80.6,3.36
403,Deputatsky,3,RU,1579893274,96,69.3,139.9,-36.53,1.83
404,Humberto de Campos,78,BR,1579893274,64,-2.6,-43.46,86.72,9.8
405,Kant,14,IN,1579893274,72,27.8,79.8,51.26,3.76
406,Coquimbo,0,CL,1579892992,53,-29.95,-71.34,77.0,14.99
407,Poso,37,ID,1579893274,82,-1.4,120.75,68.79,2.37
408,Chernoyerkovskaya,75,RU,1579893274,60,45.43,37.77,39.2,15.66
409,Nanakuli,40,US,1579893275,93,21.39,-158.15,73.99,0.76
410,Jiazi,60,CN,1579893006,84,22.88,116.07,63.12,9.46
411,Cap Malheureux,75,MU,1579893275,88,-19.98,57.61,80.6,14.99
412,Alofi,75,NU,1579893275,100,-19.06,-169.92,77.0,2.24
413,Bandipur,6,NP,1579893275,87,27.93,84.42,46.09,1.92
414,Ajdabiya,0,LY,1579893275,64,30.76,20.23,58.71,3.2
415,Sao Joao da Barra,90,BR,1579893275,94,-21.64,-41.05,78.8,4.7
416,Camacha,20,PT,1579893010,67,33.08,-16.33,60.8,14.99
417,Angoram,64,PG,1579893275,98,-4.06,144.07,74.7,2.13
418,Borodianka,94,UA,1579893276,59,50.64,29.92,36.0,13.42
419,Cuautepec,9,MX,1579893276,72,16.7,-99.0,79.39,5.82
420,Coahuayana Viejo,40,MX,1579893276,61,18.73,-103.68,77.0,5.82
421,Rio Grande,20,BR,1579893276,45,-32.03,-52.1,87.8,9.17
422,Acajutla,20,SV,1579893276,42,13.59,-89.83,86.0,3.36
423,Atar,19,MR,1579893276,15,20.52,-13.05,89.6,4.7
424,Haines Junction,100,CA,1579892987,99,60.75,-137.51,-6.79,7.78
425,Namatanai,11,PG,1579893064,78,-3.67,152.43,82.85,12.21
426,Ixtapa,20,MX,1579893140,61,20.7,-105.2,80.6,3.36
427,Bogovarovo,100,RU,1579893276,94,58.98,47.02,19.56,9.93
428,Muskegon,90,US,1579893276,100,43.3,-86.13,37.0,9.17
429,Guerrero Negro,100,MX,1579893007,45,27.98,-114.06,67.35,3.22
430,Palu,93,ID,1579893276,94,-0.89,119.87,68.14,2.66
431,Bathsheba,40,BB,1579893148,70,13.22,-59.52,84.2,13.87
432,Barhi,26,IN,1579893277,46,23.9,80.8,54.41,0.94
433,Vila,40,PT,1579893001,81,42.03,-8.16,54.0,4.7
434,Ostrovskoye,100,RU,1579893278,90,57.81,42.24,29.75,9.57
435,Bani Walid,40,LY,1579893278,28,31.76,13.99,59.67,9.86
436,Heze,100,CN,1579893278,59,35.24,115.44,39.27,3.15
437,Emerald,90,AU,1579893060,100,-23.53,148.17,77.0,5.82
438,Visnes,75,NO,1579893278,86,59.36,5.22,41.0,10.29
439,Cockburn Town,66,TC,1579893278,54,21.46,-71.14,75.52,5.55
440,Berlevag,100,NO,1579893278,68,70.86,29.09,28.24,14.52
441,Biak,33,ID,1579893278,69,-0.91,122.88,81.28,3.47
442,Comodoro Rivadavia,64,AR,1579893081,32,-45.87,-67.5,80.6,26.4
443,Muroto,62,JP,1579893278,81,33.28,134.15,43.54,5.77
444,Jhajha,1,IN,1579893279,51,24.77,86.37,53.83,3.27
445,Taksimo,52,RU,1579893279,98,56.34,114.88,-22.43,1.57
446,Walvis Bay,0,NA,1579893279,82,-22.96,14.51,68.0,10.29
447,Akhnur,40,IN,1579893279,76,32.87,74.73,51.8,1.97
448,Camana,89,PE,1579893279,78,-16.62,-72.71,71.35,10.56
449,Chui,0,UY,1579893279,44,-33.7,-53.46,82.09,6.6
450,Wote,100,KE,1579893279,96,-1.78,37.63,65.75,2.44
451,Kahului,1,US,1579893080,82,20.89,-156.47,75.0,4.7
452,Maputo,75,MZ,1579893279,69,-25.97,32.59,80.01,9.17
453,Forsytheganj,100,BY,1579893004,85,52.63,29.73,34.34,14.18
454,Buin,23,CL,1579893279,35,-33.73,-70.75,87.8,8.05
455,Rosetta,40,EG,1579893279,50,31.4,30.42,55.4,6.93
456,Qurayyat,40,SA,1579893280,80,31.33,37.34,41.0,6.93
457,Ventspils,75,LV,1579893280,93,57.39,21.56,42.8,13.87
458,Salinas,1,US,1579893280,77,36.68,-121.66,61.0,3.36
459,Zhigansk,48,RU,1579893280,96,66.77,123.37,-42.92,8.66
460,Lewistown,90,US,1579893280,75,40.6,-77.57,46.4,5.82
461,Wukari,57,NG,1579893113,8,7.85,9.78,82.78,7.52
462,Xixiang,100,CN,1579893280,65,35.16,112.86,37.53,3.04
463,Luau,100,AO,1579893280,94,-10.71,22.22,68.23,3.27
464,Esim,2,GH,1579893066,73,4.87,-2.24,82.83,8.32
465,Umea,50,SE,1579893280,69,63.83,20.26,33.8,13.87
466,Half Moon Bay,1,US,1579893280,87,37.46,-122.43,62.01,4.7
467,Matagami,90,CA,1579893281,85,49.75,-77.63,17.6,3.36
468,Olhao,20,PT,1579893281,93,37.03,-7.84,53.6,4.7
469,Rexburg,90,US,1579893032,100,43.83,-111.79,30.99,2.01
470,Paamiut,100,GL,1579893024,89,61.99,-49.67,17.46,24.96
471,Winchester,90,GB,1579893161,93,51.07,-1.32,44.01,1.12
472,Peleduy,100,RU,1579893281,95,59.63,112.74,1.4,5.48
473,Matsumoto,99,JP,1579893281,99,36.23,137.97,25.0,1.99
474,Benguela,75,AO,1579893281,78,-12.58,13.41,80.6,9.17
475,Fengzhen,0,CN,1579893281,91,40.44,113.15,9.55,3.8
476,Boca do Acre,100,BR,1579893281,80,-8.75,-67.4,85.55,3.56
477,Magaria,0,NE,1579893151,13,13.0,8.91,73.31,11.95
478,Muriwai Beach,0,NZ,1579893281,88,-36.82,174.45,66.99,3.36
479,Mollendo,65,PE,1579893282,84,-17.02,-72.01,70.93,7.0
480,Kotdwara,34,IN,1579893282,75,29.75,78.53,49.14,1.05
481,Saint-Jerome,75,CA,1579893282,87,45.78,-74.0,37.0,9.17
482,Solnechnyy,100,RU,1579893282,87,50.72,136.63,-10.95,2.26
483,Smithers,75,CA,1579893146,97,54.78,-127.17,32.0,12.75
484,Kargasok,0,RU,1579893093,93,59.06,80.86,14.2,9.4
485,Arrondissement de Morlaix,0,FR,1579893282,86,48.58,-4.0,42.8,10.29
486,Nhulunbuy,100,AU,1579893282,88,-12.23,136.77,80.6,8.05
487,Skibbereen,75,IE,1579893282,93,51.55,-9.27,42.8,4.7
488,Syasstroy,71,RU,1579893203,92,60.14,32.57,30.4,7.23
489,Grand Gaube,75,MU,1579893095,88,-20.01,57.66,80.6,14.99
490,Kirakira,19,SB,1579893282,81,-10.45,161.92,76.69,3.38
491,Malakal,96,SS,1579893283,17,9.53,31.66,74.52,6.42
492,Mwinilunga,98,ZM,1579893283,95,-11.74,24.43,65.79,1.99
493,Moree,40,AU,1579893283,83,-29.47,149.85,77.0,5.82
494,Gusau,37,NG,1579893283,11,12.16,6.66,74.79,11.07
495,Robertsport,33,LR,1579893283,79,6.75,-11.37,82.31,13.27
496,Quelimane,40,MZ,1579893283,83,-17.88,36.89,75.2,10.29
497,Tura,0,IN,1579893009,53,25.52,90.22,54.39,3.09
498,Mandalgovi,0,MN,1579893283,62,45.76,106.27,7.66,10.4
499,Astana,90,KZ,1579893040,92,51.18,71.45,26.6,17.9
500,Morgan City,1,US,1579893283,42,29.7,-91.21,64.4,9.17
501,Riyadh,0,SA,1579893284,35,24.69,46.72,55.4,5.82
502,Ilhabela,44,BR,1579893284,77,-23.78,-45.36,77.52,12.59
503,Mocuba,94,MZ,1579893104,92,-16.84,36.99,71.87,3.89
504,Republic of El Salvador,40,SV,1579893131,61,13.83,-88.92,89.6,5.82
505,Fare,51,PF,1579893284,77,-16.7,-151.02,82.44,15.35
506,Manche,90,FR,1579893284,100,49.0,-1.17,35.6,8.05
507,Ayorou,41,NE,1579893284,7,14.73,0.92,82.81,10.54
508,Seoul,75,KR,1579893284,92,37.57,126.98,32.0,1.12
509,Okakarara,89,NA,1579893284,65,-20.58,17.43,71.74,13.6
510,Urengoy,98,RU,1579893284,96,65.97,78.37,11.28,3.31
511,Zheleznodorozhnyy,75,RU,1579892988,95,55.75,38.0,34.0,6.71
512,Son La,11,VN,1579893284,89,21.32,103.9,60.31,2.19
513,Zhanaozen,68,KZ,1579893011,62,43.3,52.8,27.16,19.71
514,Poum,78,NC,1579893023,77,-20.23,164.02,79.25,21.05
515,Limache,24,CL,1579893285,68,-33.02,-71.27,90.0,12.75
516,Zhanakorgan,98,KZ,1579893285,93,43.91,67.25,28.02,7.74
517,Vostok,5,RU,1579893143,97,46.49,135.88,-15.12,5.12
518,Hagere Hiywet,100,ET,1579893285,68,8.98,37.85,57.33,1.59
519,Koroni,19,GR,1579893285,87,36.8,21.95,52.0,3.36
520,Zivinice,0,BA,1579893285,92,44.45,18.65,30.0,1.12
521,Saint-Joseph,100,RE,1579893285,100,-21.37,55.62,78.8,18.34
522,Chapais,1,CA,1579893285,72,49.78,-74.85,14.0,2.24
523,Jizan,40,SA,1579893285,61,17.33,42.67,78.8,12.75
524,Santa Barbara,1,US,1579893125,55,34.42,-119.7,72.0,3.36
525,Avanuorri,75,NO,1579893286,86,71.0,24.66,32.0,17.22
526,Black River,20,JM,1579893286,69,18.03,-77.85,80.01,10.29
527,Wentzville,90,US,1579893208,100,38.81,-90.85,37.4,9.17
528,Norton Shores,90,US,1579893286,100,43.17,-86.26,37.0,9.17
529,Mackay,75,AU,1579893286,94,-21.15,149.2,78.8,5.82
530,Richards Bay,33,ZA,1579893016,75,-28.78,32.04,78.15,24.11
531,Gizo,16,SB,1579893286,87,-8.1,156.84,77.58,5.61
532,Port Lincoln,0,AU,1579893286,83,-34.73,135.87,60.98,6.42
533,Bahia Honda,59,CU,1579893286,51,22.9,-83.16,76.33,3.65
534,Gatesville,1,US,1579893286,26,31.44,-97.74,63.0,5.5
535,Urucara,57,BR,1579893064,35,-2.54,-57.76,98.4,3.65
536,Uribia,26,CO,1579893286,46,11.71,-72.27,90.25,5.82
537,Hualmay,31,PE,1579893286,51,-11.1,-77.61,81.93,11.65
538,Fartura,13,BR,1579893163,54,-23.39,-49.51,82.13,10.18
539,Mankono,3,CI,1579893287,10,8.06,-6.19,92.55,4.38
540,Chokwe,25,MZ,1579893287,68,-24.53,32.98,76.69,8.66
541,Ahipara,0,NZ,1579893082,100,-35.17,173.17,64.0,7.54
542,Kara-Tyube,32,RU,1579893287,56,44.63,45.44,29.52,5.19
543,Arman,0,RU,1579893287,84,59.7,150.17,-14.73,10.51
544,Amot,24,NO,1579893287,76,59.57,7.99,34.0,1.01
545,Araouane,100,ML,1579893287,9,18.9,-3.53,83.71,7.07
546,Lagoa,100,PT,1579893287,69,39.05,-27.98,57.4,10.2
547,Andenes,75,NO,1579893142,92,69.31,16.12,27.0,6.93
548,Saint Anthony,90,US,1579893238,97,45.02,-93.22,33.8,10.29
549,Tilichiki,100,RU,1579893288,95,60.47,166.1,6.28,13.53
550,Pavilosta,87,LV,1579893288,100,56.89,21.19,42.8,18.34
551,Kuytun,100,RU,1579893288,85,54.34,101.5,11.93,5.06
552,Roald,75,NO,1579893288,74,62.58,6.13,37.4,17.22
553,Westport,1,US,1579893288,42,41.14,-73.36,51.8,5.82
554,Maryville,90,US,1579893288,93,35.76,-83.97,50.0,7.87
555,Whitehorse,90,CA,1579893288,78,60.72,-135.05,8.6,8.05
556,Sabang,0,ID,1579893288,73,5.89,95.32,82.96,15.84
557,Mehamn,75,NO,1579893288,79,71.04,27.85,24.8,10.29
558,Alugan,2,PH,1579893288,87,12.22,125.48,78.75,10.36
559,Mangit,90,UZ,1579893288,69,40.6,70.96,37.4,6.93
560,Macamic,75,CA,1579893288,79,48.75,-79.0,26.6,8.05
561,Cheremukhovo,100,RU,1579893288,88,60.35,59.99,5.13,4.18
562,El Colomo,20,MX,1579893289,74,19.05,-104.25,86.0,4.99
563,Kamenka,98,RU,1579893289,86,51.32,42.77,28.0,8.99
564,Bata,20,GQ,1579893289,89,1.86,9.77,84.2,2.24
565,Latung,25,PH,1579893289,80,5.5,120.88,81.16,4.36
566,San Francisco,75,US,1579893154,82,37.77,-122.42,62.01,2.77
567,Popondetta,90,PG,1579893073,88,-8.75,148.25,74.68,3.0
568,Little Current,90,CA,1579893289,64,45.98,-81.92,34.0,16.11
569,Port Said,40,EG,1579893058,62,31.26,32.28,57.2,11.41
570,Ust'-Kulom,86,RU,1579893289,98,61.69,53.69,-1.23,4.07
571,Tomatlan,75,MX,1579893289,46,19.93,-105.25,85.15,2.91
572,Gemena,99,CD,1579893289,21,3.25,19.77,78.57,3.65
573,Adrar,60,MR,1579893289,19,20.5,-10.07,80.17,5.59
574,Airai,73,TL,1579892995,92,-8.93,125.41,67.32,3.18
575,Minjur,20,IN,1579893290,88,13.27,80.27,77.0,8.39
576,Tashtagol,87,RU,1579893290,83,52.77,87.89,21.2,4.54
577,Qui Nhon,97,VN,1579893016,93,13.77,109.23,66.69,1.41
578,Pachmarhi,0,IN,1579893290,59,22.47,78.43,58.73,1.92
579,Belyy Yar,100,RU,1579893106,85,53.6,91.39,19.4,5.39
580,Vila Velha,90,BR,1579893290,88,-20.33,-40.29,79.0,11.41
581,Krasnosel'kup,94,RU,1579893120,93,65.7,82.47,17.06,15.5
582,Banda Aceh,3,ID,1579893093,95,5.56,95.32,73.81,4.7
583,Moron,69,AR,1579893290,40,-34.65,-58.62,91.4,10.29
584,Trimbak,0,IN,1579893290,45,19.93,73.55,68.76,5.12
585,Samarai,18,PG,1579892997,90,-10.62,150.67,76.15,3.02
586,Arlit,60,NE,1579893290,7,18.74,7.39,78.91,10.16
587,Sechura,100,PE,1579893291,83,-5.56,-80.82,73.49,14.03
588,Macomb,90,US,1579893312,100,40.46,-90.67,36.0,4.94
589,Viedma,28,AR,1579893113,18,-40.81,-63.0,79.63,9.33
